type,tick_offset,tick_duration,value_raw,value_pretty,canonical,density,interval,tempo,time_signature,key_signature
ticks_per_quarter,0,0,480,480,,,,,,
key_signature,0,0,-5:0,Db Major,,,,,,
time_signature,0,0,4:4,4/4,,,,,,
tempo,0,0,500000,120,,,,,,
note,0,239,58:80,Bb3,Bb3,0.4108,m3,120,4/4,Db Major
note,0,479,61:80,Db4,Db4,0.4108,m3,120,4/4,Db Major
note,240,239,58:80,Bb3,Bb3,0.5477,P5,120,4/4,Db Major
note,240,239,65:80,F4,F4,0.5477,P4,120,4/4,Db Major
note,240,119,70:80,Bb4,Bb4,0.5477,M2,120,4/4,Db Major
note,360,119,72:80,C5,C5,0.4108,M2,120,4/4,Db Major
note,480,239,58:80,Bb3,Bb3,0.5934,P1,120,4/4,Db Major
note,480,239,70:80,Bb4,Bb4,0.5934,m3,120,4/4,Db Major
note,480,239,73:80,Db5,Db5,0.5934,m3,120,4/4,Db Major
note,720,239,58:80,Bb3,Bb3,0.5934,m3,120,4/4,Db Major
note,720,239,61:80,Db4,Db4,0.5934,M3,120,4/4,Db Major
note,720,239,65:80,F4,F4,0.5934,P4,120,4/4,Db Major
note,720,239,70:80,Bb4,Bb4,0.5934,m3,120,4/4,Db Major
note,720,239,73:80,Db5,Db5,0.5934,m3,120,4/4,Db Major
note,960,239,58:80,Bb3,Bb3,0.5934,P4,120,4/4,Db Major
note,960,479,63:80,Eb4,Eb4,0.5934,m3,120,4/4,Db Major
note,960,479,66:80,Gb4,Gb4,0.5934,M3,120,4/4,Db Major
note,960,239,70:80,Bb4,Bb4,0.5934,m3,120,4/4,Db Major
note,960,239,73:80,Db5,Db5,0.5934,m3,120,4/4,Db Major
note,1200,239,58:80,Bb3,Bb3,0.6847,M7,120,4/4,Db Major
note,1200,119,69:80,A4,A4,0.6847,m3,120,4/4,Db Major
note,1200,119,72:80,C5,C5,0.6847,M2,120,4/4,Db Major
note,1320,119,70:80,Bb4,Bb4,0.5477,m3,120,4/4,Db Major
note,1320,119,73:80,Db5,Db5,0.5477,m3,120,4/4,Db Major
note,1440,239,58:80,Bb3,Bb3,0.6847,M2,120,4/4,Db Major
note,1440,239,72:80,C5,C5,0.6847,m3,120,4/4,Db Major
note,1440,239,75:80,Eb5,Eb5,0.6847,P4,120,4/4,Db Major
note,1680,239,58:80,Bb3,Bb3,0.6847,M2,120,4/4,Db Major
note,1680,239,60:80,C4,C4,0.6847,m3,120,4/4,Db Major
note,1680,239,63:80,Eb4,Eb4,0.6847,m3,120,4/4,Db Major
note,1680,239,66:80,Gb4,Gb4,0.6847,m3,120,4/4,Db Major
note,1680,239,69:80,A4,A4,0.6847,m3,120,4/4,Db Major
note,1680,239,72:80,C5,C5,0.6847,m3,120,4/4,Db Major
note,1680,239,75:80,Eb5,Eb5,0.6847,P4,120,4/4,Db Major
note,1920,239,58:80,Bb3,Bb3,0.5934,m3,120,4/4,Db Major
note,1920,479,61:80,Db4,Db4,0.5934,M3,120,4/4,Db Major
note,1920,479,65:80,F4,F4,0.5934,P5,120,4/4,Db Major
note,1920,239,72:80,C5,C5,0.5934,m3,120,4/4,Db Major
note,1920,239,75:80,Eb5,Eb5,0.5934,P4,120,4/4,Db Major
note,2160,239,58:80,Bb3,Bb3,0.639,P1,120,4/4,Db Major
note,2160,119,70:80,Bb4,Bb4,0.639,m3,120,4/4,Db Major
note,2160,119,73:80,Db5,Db5,0.639,m2,120,4/4,Db Major
note,2280,119,72:80,C5,C5,0.5021,m3,120,4/4,Db Major
note,2280,119,75:80,Eb5,Eb5,0.5021,P4,120,4/4,Db Major
note,2400,239,58:80,Bb3,Bb3,0.639,m3,120,4/4,Db Major
note,2400,239,73:80,Db5,Db5,0.639,M3,120,4/4,Db Major
note,2400,239,77:80,F5,F5,0.639,P5,120,4/4,Db Major
note,2640,239,58:80,Bb3,Bb3,0.639,m3,120,4/4,Db Major
note,2640,239,61:80,Db4,Db4,0.639,M3,120,4/4,Db Major
note,2640,239,65:80,F4,F4,0.639,P4,120,4/4,Db Major
note,2640,239,70:80,Bb4,Bb4,0.639,m3,120,4/4,Db Major
note,2640,239,73:80,Db5,Db5,0.639,M3,120,4/4,Db Major
note,2640,239,77:80,F5,F5,0.639,P5,120,4/4,Db Major
note,2880,239,58:80,Bb3,Bb3,0.5934,M2,120,4/4,Db Major
note,2880,479,60:80,C4,C4,0.5934,M6,120,4/4,Db Major
note,2880,479,69:80,A4,A4,0.5934,M3,120,4/4,Db Major
note,2880,239,73:80,Db5,Db5,0.5934,M3,120,4/4,Db Major
note,2880,239,77:80,F5,F5,0.5934,P5,120,4/4,Db Major
note,3120,239,58:80,Bb3,Bb3,0.5934,M2,120,4/4,Db Major
note,3120,119,72:80,C5,C5,0.5934,m3,120,4/4,Db Major
note,3120,119,75:80,Eb5,Eb5,0.5934,M2,120,4/4,Db Major
note,3240,119,73:80,Db5,Db5,0.4564,M3,120,4/4,Db Major
note,3240,119,77:80,F5,F5,0.4564,P5,120,4/4,Db Major
note,3360,239,58:80,Bb3,Bb3,0.5934,P4,120,4/4,Db Major
note,3360,239,75:80,Eb5,Eb5,0.5934,m3,120,4/4,Db Major
note,3360,239,78:80,Gb5,Gb5,0.5934,m6,120,4/4,Db Major
note,3600,239,58:80,Bb3,Bb3,0.5934,M2,120,4/4,Db Major
note,3600,239,60:80,C4,C4,0.5934,M6,120,4/4,Db Major
note,3600,239,69:80,A4,A4,0.5934,d5,120,4/4,Db Major
note,3600,239,75:80,Eb5,Eb5,0.5934,m3,120,4/4,Db Major
note,3600,239,78:80,Gb5,Gb5,0.5934,m6,120,4/4,Db Major
note,3840,0,58:80,Bb3,Bb3,0.5477,P1,120,4/4,Db Major
note,3840,239,58:80,Bb3,Bb3,0.5477,P1,120,4/4,Db Major
note,3840,479,70:80,Bb4,Bb4,0.5477,P4,120,4/4,Db Major
note,3840,239,75:80,Eb5,Eb5,0.5477,m3,120,4/4,Db Major
note,3840,239,78:80,Gb5,Gb5,0.5477,m6,120,4/4,Db Major
note,4080,119,58:80,Bb3,Bb3,0.5021,m3,120,4/4,Db Major
note,4080,239,73:80,Db5,Db5,0.5021,M3,120,4/4,Db Major
note,4080,119,77:80,F5,F5,0.5021,P4,120,4/4,Db Major
note,4200,119,60:80,C4,C4,0.3651,m3,120,4/4,Db Major
note,4200,119,75:80,Eb5,Eb5,0.3651,M2,120,4/4,Db Major
note,4320,239,61:80,Db4,Db4,0.4108,M3,120,4/4,Db Major
note,4320,239,77:80,F5,F5,0.4108,M3,120,4/4,Db Major
note,4560,239,61:80,Db4,Db4,0.4564,M6,120,4/4,Db Major
note,4560,239,70:80,Bb4,Bb4,0.4564,m3,120,4/4,Db Major
note,4560,239,73:80,Db5,Db5,0.4564,M3,120,4/4,Db Major
note,4560,479,77:80,F5,F5,0.4564,M3,120,4/4,Db Major
note,4800,239,61:80,Db4,Db4,0.4564,d5,120,4/4,Db Major
note,4800,239,67:80,G4,G4,0.4564,m3,120,4/4,Db Major
note,4800,479,70:80,Bb4,Bb4,0.4564,m7,120,4/4,Db Major
note,5040,119,60:80,C4,C4,0.5021,d5,120,4/4,Db Major
note,5040,239,66:80,Gb4,Gb4,0.5021,M6,120,4/4,Db Major
note,5040,119,75:80,Eb5,Eb5,0.5021,M2,120,4/4,Db Major
note,5160,119,61:80,Db4,Db4,0.4108,P1,120,4/4,Db Major
note,5160,119,73:80,Db5,Db5,0.4108,m7,120,4/4,Db Major
note,5280,239,63:80,Eb4,Eb4,0.5021,M6,120,4/4,Db Major
note,5280,239,72:80,C5,C5,0.5021,M6,120,4/4,Db Major
note,5520,239,63:80,Eb4,Eb4,0.5477,m3,120,4/4,Db Major
note,5520,239,66:80,Gb4,Gb4,0.5477,M3,120,4/4,Db Major
note,5520,239,70:80,Bb4,Bb4,0.5477,m3,120,4/4,Db Major
note,5520,119,73:80,Db5,Db5,0.5477,M2,120,4/4,Db Major
note,5640,119,75:80,Eb5,Eb5,0.4564,P1,120,4/4,Db Major
note,5760,239,63:80,Eb4,Eb4,0.5021,M2,120,4/4,Db Major
note,5760,0,65:80,F4,F4,0.5021,P1,120,4/4,Db Major
note,5760,479,65:80,F4,F4,0.5021,M3,120,4/4,Db Major
note,5760,239,69:80,A4,A4,0.5021,m6,120,4/4,Db Major
note,6000,119,61:80,Db4,Db4,0.4564,M6,120,4/4,Db Major
note,6000,119,70:80,Bb4,Bb4,0.4564,P5,120,4/4,Db Major
note,6000,479,77:80,F5,F5,0.4564,M2,120,4/4,Db Major
note,6120,119,63:80,Eb4,Eb4,0.3651,M6,120,4/4,Db Major
note,6120,119,72:80,C5,C5,0.3651,P5,120,4/4,Db Major
note,6240,239,65:80,F4,F4,0.4108,m6,120,4/4,Db Major
note,6240,719,73:80,Db5,Db5,0.4108,m6,120,4/4,Db Major
note,6480,0,65:80,F4,F4,0.4108,P1,120,4/4,Db Major
note,6480,239,65:80,F4,F4,0.4108,M2,120,4/4,Db Major
note,6480,119,79:80,G5,G5,0.4108,M2,120,4/4,Db Major
note,6600,119,81:80,A5,A5,0.3651,M3,120,4/4,Db Major
note,6720,239,65:80,F4,F4,0.4108,m2,120,4/4,Db Major
note,6720,1199,66:80,Gb4,Gb4,0.4108,M3,120,4/4,Db Major
note,6720,719,82:80,Bb5,Bb5,0.4108,P5,120,4/4,Db Major
note,6960,119,63:80,Eb4,Eb4,0.3651,M6,120,4/4,Db Major
note,6960,119,72:80,C5,C5,0.3651,M7,120,4/4,Db Major
note,7080,119,61:80,Db4,Db4,0.3195,P1,120,4/4,Db Major
note,7080,119,73:80,Db5,Db5,0.3195,m2,120,4/4,Db Major
note,7200,239,60:80,C4,C4,0.3195,m3,120,4/4,Db Major
note,7200,719,75:80,Eb5,Eb5,0.3195,P4,120,4/4,Db Major
note,7440,239,58:80,Bb3,Bb3,0.3195,M7,120,4/4,Db Major
note,7440,119,81:80,A5,A5,0.3195,m2,120,4/4,Db Major
note,7560,119,82:80,Bb5,Bb5,0.3195,m2,120,4/4,Db Major
note,7680,719,57:80,A3,A3,0.3651,m3,120,4/4,Db Major
note,7680,719,84:80,C6,C6,0.3651,M6,120,4/4,Db Major
note,7920,119,75:80,Eb5,Eb5,0.3651,m3,120,4/4,Db Major
note,7920,119,78:80,Gb5,Gb5,0.3651,P4,120,4/4,Db Major
note,8040,119,73:80,Db5,Db5,0.3651,M3,120,4/4,Db Major
note,8040,119,77:80,F5,F5,0.3651,P4,120,4/4,Db Major
note,8160,719,72:80,C5,C5,0.3651,m3,120,4/4,Db Major
note,8160,719,75:80,Eb5,Eb5,0.3651,d5,120,4/4,Db Major
note,8400,119,57:80,A3,A3,0.3651,m3,120,4/4,Db Major
note,8400,119,84:80,C6,C6,0.3651,M2,120,4/4,Db Major
note,8520,119,58:80,Bb3,Bb3,0.3651,P1,120,4/4,Db Major
note,8520,119,82:80,Bb5,Bb5,0.3651,m7,120,4/4,Db Major
note,8640,719,60:80,C4,C4,0.3651,M6,120,4/4,Db Major
note,8640,719,81:80,A5,A5,0.3651,M6,120,4/4,Db Major
note,8880,119,72:80,C5,C5,0.3651,m3,120,4/4,Db Major
note,8880,119,75:80,Eb5,Eb5,0.3651,P4,120,4/4,Db Major
note,9000,119,70:80,Bb4,Bb4,0.3651,m3,120,4/4,Db Major
note,9000,119,73:80,Db5,Db5,0.3651,M3,120,4/4,Db Major
note,9120,719,69:80,A4,A4,0.3651,m3,120,4/4,Db Major
note,9120,719,72:80,C5,C5,0.3651,P1,120,4/4,Db Major
note,9360,119,60:80,C4,C4,0.3651,M6,120,4/4,Db Major
note,9360,119,81:80,A5,A5,0.3651,m6,120,4/4,Db Major
note,9480,119,61:80,Db4,Db4,0.3651,M7,120,4/4,Db Major
note,9480,119,84:80,C6,C6,0.3651,M6,120,4/4,Db Major
note,9600,719,63:80,Eb4,Eb4,0.3651,M2,120,4/4,Db Major
note,9600,2159,77:80,F5,F5,0.3651,P1,120,4/4,Db Major
note,9840,119,65:80,F4,F4,0.3651,M3,120,4/4,Db Major
note,9840,119,69:80,A4,A4,0.3651,M2,120,4/4,Db Major
note,9960,119,67:80,G4,G4,0.3651,m3,120,4/4,Db Major
note,9960,119,70:80,Bb4,Bb4,0.3651,m2,120,4/4,Db Major
note,10080,719,69:80,A4,A4,0.3651,m3,120,4/4,Db Major
note,10080,239,72:80,C5,C5,0.3651,M6,120,4/4,Db Major
note,10320,119,63:80,Eb4,Eb4,0.4108,M6,120,4/4,Db Major
note,10320,119,72:80,C5,C5,0.4108,M7,120,4/4,Db Major
note,10440,119,61:80,Db4,Db4,0.4564,P1,120,4/4,Db Major
note,10440,119,73:80,Db5,Db5,0.4564,m2,120,4/4,Db Major
note,10560,239,60:80,C4,C4,0.5021,m3,120,4/4,Db Major
note,10560,239,75:80,Eb5,Eb5,0.5021,m3,120,4/4,Db Major
note,10800,119,60:80,C4,C4,0.5021,M6,120,4/4,Db Major
note,10800,119,69:80,A4,A4,0.5021,m3,120,4/4,Db Major
note,10800,119,72:80,C5,C5,0.5021,M2,120,4/4,Db Major
note,10920,119,58:80,Bb3,Bb3,0.4108,P1,120,4/4,Db Major
note,10920,119,70:80,Bb4,Bb4,0.4108,m3,120,4/4,Db Major
note,10920,119,73:80,Db5,Db5,0.4108,M3,120,4/4,Db Major
note,11040,239,57:80,A3,A3,0.3651,m3,120,4/4,Db Major
note,11040,239,72:80,C5,C5,0.3651,m3,120,4/4,Db Major
note,11040,719,75:80,Eb5,Eb5,0.3651,m6,120,4/4,Db Major
note,11280,119,55:80,G3,G3,0.3195,M2,120,4/4,Db Major
note,11280,239,69:80,A4,A4,0.3195,M3,120,4/4,Db Major
note,11400,119,53:80,F3,F3,0.3195,P4,120,4/4,Db Major
note,11520,1199,58:80,Bb3,Bb3,0.3651,P5,120,4/4,Db Major
note,11520,719,65:80,F4,F4,0.3651,m6,120,4/4,Db Major
note,11760,119,73:80,Db5,Db5,0.4108,M3,120,4/4,Db Major
note,11760,119,77:80,F5,F5,0.4108,P4,120,4/4,Db Major
note,11880,119,72:80,C5,C5,0.4108,m3,120,4/4,Db Major
note,11880,119,75:80,Eb5,Eb5,0.4108,P4,120,4/4,Db Major
note,12000,239,70:80,Bb4,Bb4,0.4564,m3,120,4/4,Db Major
note,12000,239,73:80,Db5,Db5,0.4564,P5,120,4/4,Db Major
note,12240,119,66:80,Gb4,Gb4,0.4564,m3,120,4/4,Db Major
note,12240,239,69:80,A4,A4,0.4564,d5,120,4/4,Db Major
note,12240,119,75:80,Eb5,Eb5,0.4564,P1,120,4/4,Db Major
note,12360,119,63:80,Eb4,Eb4,0.4108,M6,120,4/4,Db Major
note,12360,119,72:80,C5,C5,0.4108,P5,120,4/4,Db Major
note,12480,479,65:80,F4,F4,0.4108,P4,120,4/4,Db Major
note,12480,240,70:80,Bb4,Bb4,0.4108,m3,120,4/4,Db Major
note,12480,239,73:80,Db5,Db5,0.4108,P1,120,4/4,Db Major
note,12720,119,61:80,Db4,Db4,0.4564,M6,120,4/4,Db Major
note,12720,239,70:80,Bb4,Bb4,0.4564,m7,120,4/4,Db Major
note,12840,119,60:80,C4,C4,0.3651,P1,120,4/4,Db Major
note,12840,119,72:80,C5,C5,0.3651,M2,120,4/4,Db Major
note,12960,239,58:80,Bb3,Bb3,0.4564,m3,120,4/4,Db Major
note,12960,239,73:80,Db5,Db5,0.4564,P4,120,4/4,Db Major
note,13200,239,56:80,Ab3,Ab3,0.5477,M6,120,4/4,Db Major
note,13200,239,65:80,F4,F4,0.5477,P4,120,4/4,Db Major
note,13200,239,70:80,Bb4,Bb4,0.5477,m3,120,4/4,Db Major
note,13200,239,73:80,Db5,Db5,0.5477,d5,120,4/4,Db Major
note,13440,239,55:80,G3,G3,0.5477,m6,120,4/4,Db Major
note,13440,239,63:80,Eb4,Eb4,0.5477,P5,120,4/4,Db Major
note,13440,239,70:80,Bb4,Bb4,0.5477,m3,120,4/4,Db Major
note,13440,239,73:80,Db5,Db5,0.5477,P4,120,4/4,Db Major
note,13680,119,56:80,Ab3,Ab3,0.5477,P5,120,4/4,Db Major
note,13680,239,63:80,Eb4,Eb4,0.5477,P4,120,4/4,Db Major
note,13680,239,68:80,Ab4,Ab4,0.5477,M3,120,4/4,Db Major
note,13680,119,72:80,C5,C5,0.5477,P4,120,4/4,Db Major
note,13800,119,55:80,G3,G3,0.3651,m3,120,4/4,Db Major
note,13800,119,70:80,Bb4,Bb4,0.3651,P4,120,4/4,Db Major
note,13920,239,53:80,F3,F3,0.4564,P5,120,4/4,Db Major
note,13920,239,72:80,C5,C5,0.4564,M6,120,4/4,Db Major
note,14160,239,51:80,Eb3,Eb3,0.5477,M2,120,4/4,Db Major
note,14160,239,65:80,F4,F4,0.5477,m3,120,4/4,Db Major
note,14160,239,68:80,Ab4,Ab4,0.5477,M3,120,4/4,Db Major
note,14160,239,72:80,C5,C5,0.5477,m7,120,4/4,Db Major
note,14400,239,50:80,D3,D3,0.5477,m3,120,4/4,Db Major
note,14400,239,65:80,F4,F4,0.5477,m3,120,4/4,Db Major
note,14400,239,68:80,Ab4,Ab4,0.5477,M3,120,4/4,Db Major
note,14400,239,72:80,C5,C5,0.5477,P4,120,4/4,Db Major
note,14640,119,55:80,G3,G3,0.5477,m7,120,4/4,Db Major
note,14640,239,65:80,F4,F4,0.5477,M2,120,4/4,Db Major
note,14640,239,67:80,G4,G4,0.5477,m3,120,4/4,Db Major
note,14640,119,70:80,Bb4,Bb4,0.5477,P4,120,4/4,Db Major
note,14760,119,53:80,F3,F3,0.3651,m3,120,4/4,Db Major
note,14760,119,68:80,Ab4,Ab4,0.3651,M3,120,4/4,Db Major
note,14880,239,52:80,E3,E3,0.4564,d5,120,4/4,Db Major
note,14880,239,70:80,Bb4,Bb4,0.4564,m3,120,4/4,Db Major
note,15120,239,55:80,G3,G3,0.5477,m7,120,4/4,Db Major
note,15120,239,65:80,F4,F4,0.5477,M2,120,4/4,Db Major
note,15120,239,67:80,G4,G4,0.5477,m3,120,4/4,Db Major
note,15120,239,70:80,Bb4,Bb4,0.5477,m7,120,4/4,Db Major
note,15360,239,48:80,C3,C3,0.5477,M3,120,4/4,Db Major
note,15360,239,64:80,E4,E4,0.5477,m3,120,4/4,Db Major
note,15360,239,67:80,G4,G4,0.5477,m3,120,4/4,Db Major
note,15360,239,70:80,Bb4,Bb4,0.5477,P4,120,4/4,Db Major
note,15600,119,53:80,F3,F3,0.5477,P5,120,4/4,Db Major
note,15600,239,60:80,C4,C4,0.5477,P4,120,4/4,Db Major
note,15600,239,65:80,F4,F4,0.5477,m3,120,4/4,Db Major
note,15600,119,68:80,Ab4,Ab4,0.5477,P4,120,4/4,Db Major
note,15720,119,51:80,Eb3,Eb3,0.3651,M3,120,4/4,Db Major
note,15720,119,67:80,G4,G4,0.3651,d5,120,4/4,Db Major
note,15840,239,49:80,Db3,Db3,0.4564,P5,120,4/4,Db Major
note,15840,239,68:80,Ab4,Ab4,0.4564,m6,120,4/4,Db Major
note,16080,239,48:80,C3,C3,0.5477,P1,120,4/4,Db Major
note,16080,239,60:80,C4,C4,0.5477,P4,120,4/4,Db Major
note,16080,239,65:80,F4,F4,0.5477,m3,120,4/4,Db Major
note,16080,239,68:80,Ab4,Ab4,0.5477,m7,120,4/4,Db Major
note,16320,239,46:80,Bb2,Bb2,0.5021,m3,120,4/4,Db Major
note,16320,239,61:80,Db4,Db4,0.5021,M3,120,4/4,Db Major
note,16320,239,65:80,F4,F4,0.5021,m3,120,4/4,Db Major
note,16320,239,68:80,Ab4,Ab4,0.5021,m7,120,4/4,Db Major
note,16560,239,46:80,Bb2,Bb2,0.5021,P1,120,4/4,Db Major
note,16560,239,58:80,Bb3,Bb3,0.5021,m3,120,4/4,Db Major
note,16560,239,61:80,Db4,Db4,0.5021,d5,120,4/4,Db Major
note,16560,119,67:80,G4,G4,0.5021,m2,120,4/4,Db Major
note,16680,119,68:80,Ab4,Ab4,0.3195,m7,120,4/4,Db Major
note,16800,239,46:80,Bb2,Bb2,0.4564,P1,120,4/4,Db Major
note,16800,239,70:80,Bb4,Bb4,0.4564,P1,120,4/4,Db Major
note,17040,239,46:80,Bb2,Bb2,0.5477,P1,120,4/4,Db Major
note,17040,239,58:80,Bb3,Bb3,0.5477,m3,120,4/4,Db Major
note,17040,239,61:80,Db4,Db4,0.5477,d5,120,4/4,Db Major
note,17040,239,67:80,G4,G4,0.5477,M6,120,4/4,Db Major
note,17280,239,46:80,Bb2,Bb2,0.5021,M6,120,4/4,Db Major
note,17280,239,55:80,G3,G3,0.5021,P4,120,4/4,Db Major
note,17280,239,60:80,C4,C4,0.5021,M3,120,4/4,Db Major
note,17280,239,64:80,E4,E4,0.5021,m6,120,4/4,Db Major
note,17520,239,44:80,Ab2,Ab2,0.5021,P1,120,4/4,Db Major
note,17520,479,56:80,Ab3,Ab3,0.5021,M6,120,4/4,Db Major
note,17520,119,65:80,F4,F4,0.5021,P5,120,4/4,Db Major
note,17520,479,72:80,C5,C5,0.5021,m6,120,4/4,Db Major
note,17640,119,64:80,E4,E4,0.4108,m3,120,4/4,Db Major
note,17760,239,49:80,Db3,Db3,0.5477,M3,120,4/4,Db Major
note,17760,239,65:80,F4,F4,0.5477,M3,120,4/4,Db Major
note,18000,239,49:80,Db3,Db3,0.639,d5,120,4/4,Db Major
note,18000,119,55:80,G3,G3,0.639,m7,120,4/4,Db Major
note,18000,239,65:80,F4,F4,0.639,P4,120,4/4,Db Major
note,18000,119,70:80,Bb4,Bb4,0.639,P4,120,4/4,Db Major
note,18120,119,53:80,F3,F3,0.5477,m3,120,4/4,Db Major
note,18120,119,68:80,Ab4,Ab4,0.5477,P5,120,4/4,Db Major
note,18240,239,49:80,Db3,Db3,0.5934,d5,120,4/4,Db Major
note,18240,239,55:80,G3,G3,0.5934,m7,120,4/4,Db Major
note,18240,239,65:80,F4,F4,0.5934,P4,120,4/4,Db Major
note,18240,239,70:80,Bb4,Bb4,0.5934,m7,120,4/4,Db Major
note,18480,119,48:80,C3,C3,0.5934,P5,120,4/4,Db Major
note,18480,239,55:80,G3,G3,0.5934,M6,120,4/4,Db Major
note,18480,119,64:80,E4,E4,0.5934,d5,120,4/4,Db Major
note,18480,479,70:80,Bb4,Bb4,0.5934,P1,120,4/4,Db Major
note,18600,119,46:80,Bb2,Bb2,0.4564,M3,120,4/4,Db Major
note,18600,119,62:80,D4,D4,0.4564,M2,120,4/4,Db Major
note,18720,239,48:80,C3,C3,0.5477,P5,120,4/4,Db Major
note,18720,239,55:80,G3,G3,0.5477,M6,120,4/4,Db Major
note,18720,239,64:80,E4,E4,0.5477,M3,120,4/4,Db Major
note,18960,239,48:80,C3,C3,0.5934,P1,120,4/4,Db Major
note,18960,239,60:80,C4,C4,0.5934,M3,120,4/4,Db Major
note,18960,239,64:80,E4,E4,0.5934,M3,120,4/4,Db Major
note,18960,119,68:80,Ab4,Ab4,0.5934,m2,120,4/4,Db Major
note,19080,119,67:80,G4,G4,0.4564,P5,120,4/4,Db Major
note,19200,239,48:80,C3,C3,0.5021,P1,120,4/4,Db Major
note,19200,239,60:80,C4,C4,0.5021,M3,120,4/4,Db Major
note,19200,239,64:80,E4,E4,0.5021,M3,120,4/4,Db Major
note,19200,239,68:80,Ab4,Ab4,0.5021,m3,120,4/4,Db Major
note,19440,239,41:80,F2,F2,0.5021,P5,120,4/4,Db Major
note,19440,479,60:80,C4,C4,0.5021,P4,120,4/4,Db Major
note,19440,119,65:80,F4,F4,0.5021,m3,120,4/4,Db Major
note,19440,479,68:80,Ab4,Ab4,0.5021,P4,120,4/4,Db Major
note,19560,119,63:80,Eb4,Eb4,0.4108,P4,120,4/4,Db Major
note,19680,239,46:80,Bb2,Bb2,0.5477,m3,120,4/4,Db Major
note,19680,239,61:80,Db4,Db4,0.5477,m3,120,4/4,Db Major
note,19920,239,46:80,Bb2,Bb2,0.639,P1,120,4/4,Db Major
note,19920,119,58:80,Bb3,Bb3,0.639,m3,120,4/4,Db Major
note,19920,239,61:80,Db4,Db4,0.639,P4,120,4/4,Db Major
note,19920,119,66:80,Gb4,Gb4,0.639,M6,120,4/4,Db Major
note,20040,119,57:80,A3,A3,0.5477,m6,120,4/4,Db Major
note,20040,119,65:80,F4,F4,0.5477,P5,120,4/4,Db Major
note,20160,239,46:80,Bb2,Bb2,0.5934,P1,120,4/4,Db Major
note,20160,239,58:80,Bb3,Bb3,0.5934,m3,120,4/4,Db Major
note,20160,239,61:80,Db4,Db4,0.5934,P4,120,4/4,Db Major
note,20160,239,66:80,Gb4,Gb4,0.5934,m6,120,4/4,Db Major
note,20400,239,46:80,Bb2,Bb2,0.5021,m6,120,4/4,Db Major
note,20400,119,54:80,Gb3,Gb3,0.5021,M3,120,4/4,Db Major
note,20400,119,70:80,Bb4,Bb4,0.5021,m3,120,4/4,Db Major
note,20400,479,73:80,Db5,Db5,0.5021,m6,120,4/4,Db Major
note,20520,119,53:80,F3,F3,0.3651,M3,120,4/4,Db Major
note,20520,119,69:80,A4,A4,0.3651,M7,120,4/4,Db Major
note,20640,239,46:80,Bb2,Bb2,0.4564,m6,120,4/4,Db Major
note,20640,479,54:80,Gb3,Gb3,0.4564,M3,120,4/4,Db Major
note,20640,360,70:80,Bb4,Bb4,0.4564,P1,120,4/4,Db Major
note,20880,239,46:80,Bb2,Bb2,0.5021,M2,120,4/4,Db Major
note,20880,119,72:80,C5,C5,0.5021,M2,120,4/4,Db Major
note,21000,119,70:80,Bb4,Bb4,0.5021,P1,120,4/4,Db Major
note,21120,239,46:80,Bb2,Bb2,0.639,M6,120,4/4,Db Major
note,21120,239,55:80,G3,G3,0.639,P4,120,4/4,Db Major
note,21120,239,72:80,C5,C5,0.639,M3,120,4/4,Db Major
note,21120,239,76:80,E5,E5,0.639,m6,120,4/4,Db Major
note,21360,239,44:80,Ab2,Ab2,0.5934,P1,120,4/4,Db Major
note,21360,119,56:80,Ab3,Ab3,0.5934,M6,120,4/4,Db Major
note,21360,119,65:80,F4,F4,0.5934,P5,120,4/4,Db Major
note,21360,239,72:80,C5,C5,0.5934,P4,120,4/4,Db Major
note,21480,119,55:80,G3,G3,0.4108,P1,120,4/4,Db Major
note,21480,119,67:80,G4,G4,0.4108,d5,120,4/4,Db Major
note,21600,239,49:80,Db3,Db3,0.4564,M3,120,4/4,Db Major
note,21600,719,53:80,F3,F3,0.4564,m3,120,4/4,Db Major
note,21600,239,68:80,Ab4,Ab4,0.4564,M6,120,4/4,Db Major
note,21600,959,77:80,F5,F5,0.4564,P4,120,4/4,Db Major
note,21840,239,48:80,C3,C3,0.4564,m6,120,4/4,Db Major
note,21840,239,68:80,Ab4,Ab4,0.4564,M3,120,4/4,Db Major
note,21840,239,72:80,C5,C5,0.4564,M2,120,4/4,Db Major
note,22080,239,46:80,Bb2,Bb2,0.5934,m7,120,4/4,Db Major
note,22080,239,68:80,Ab4,Ab4,0.5934,P4,120,4/4,Db Major
note,22080,239,73:80,Db5,Db5,0.5934,P1,120,4/4,Db Major
note,22320,239,49:80,Db3,Db3,0.639,m3,120,4/4,Db Major
note,22320,119,52:80,E3,E3,0.639,m3,120,4/4,Db Major
note,22320,119,67:80,G4,G4,0.639,m3,120,4/4,Db Major
note,22320,239,70:80,Bb4,Bb4,0.639,P4,120,4/4,Db Major
note,22440,119,53:80,F3,F3,0.4564,m3,120,4/4,Db Major
note,22440,119,68:80,Ab4,Ab4,0.4564,m6,120,4/4,Db Major
note,22560,239,48:80,C3,C3,0.5934,P5,120,4/4,Db Major
note,22560,239,55:80,G3,G3,0.5934,m3,120,4/4,Db Major
note,22560,239,70:80,Bb4,Bb4,0.5934,d5,120,4/4,Db Major
note,22560,479,76:80,E5,E5,0.5934,M3,120,4/4,Db Major
note,22800,239,48:80,C3,C3,0.5021,P5,120,4/4,Db Major
note,22800,239,55:80,G3,G3,0.5021,m3,120,4/4,Db Major
note,22800,239,70:80,Bb4,Bb4,0.5021,M2,120,4/4,Db Major
note,22800,239,72:80,C5,C5,0.5021,P5,120,4/4,Db Major
note,23040,479,41:80,F2,F2,0.5021,P1,120,4/4,Db Major
note,23040,479,53:80,F3,F3,0.5021,P4,120,4/4,Db Major
note,23040,239,70:80,Bb4,Bb4,0.5021,M2,120,4/4,Db Major
note,23040,239,72:80,C5,C5,0.5021,P4,120,4/4,Db Major
note,23040,479,77:80,F5,F5,0.5021,M6,120,4/4,Db Major
note,23280,119,68:80,Ab4,Ab4,0.3651,M3,120,4/4,Db Major
note,23280,119,72:80,C5,C5,0.3651,P4,120,4/4,Db Major
note,23400,119,67:80,G4,G4,0.3195,m3,120,4/4,Db Major
note,23400,119,70:80,Bb4,Bb4,0.3195,M2,120,4/4,Db Major
note,23520,479,68:80,Ab4,Ab4,0.3195,M3,120,4/4,Db Major
note,23520,479,72:80,C5,C5,0.3195,P5,120,4/4,Db Major
note,23760,239,53:80,F3,F3,0.3195,P1,120,4/4,Db Major
note,23760,119,77:80,F5,F5,0.3195,M2,120,4/4,Db Major
note,23880,119,75:80,Eb5,Eb5,0.3195,P4,120,4/4,Db Major
note,24000,479,58:80,Bb3,Bb3,0.3651,M3,120,4/4,Db Major
note,24000,479,74:80,D5,D5,0.3651,d5,120,4/4,Db Major
note,24240,119,68:80,Ab4,Ab4,0.3651,m3,120,4/4,Db Major
note,24240,119,71:80,B4,B4,0.3651,P4,120,4/4,Db Major
note,24360,119,66:80,Gb4,Gb4,0.3195,M3,120,4/4,Db Major
note,24360,119,70:80,Bb4,Bb4,0.3195,P4,120,4/4,Db Major
note,24480,479,65:80,F4,F4,0.3195,m3,120,4/4,Db Major
note,24480,479,68:80,Ab4,Ab4,0.3195,m7,120,4/4,Db Major
note,24720,239,58:80,Bb3,Bb3,0.3195,P4,120,4/4,Db Major
note,24720,119,75:80,Eb5,Eb5,0.3195,M2,120,4/4,Db Major
note,24840,119,77:80,F5,F5,0.3195,M2,120,4/4,Db Major
note,24960,479,51:80,Eb3,Eb3,0.3651,m3,120,4/4,Db Major
note,24960,479,78:80,Gb5,Gb5,0.3651,m3,120,4/4,Db Major
note,25200,119,63:80,Eb4,Eb4,0.3651,m3,120,4/4,Db Major
note,25200,119,66:80,Gb4,Gb4,0.3651,m2,120,4/4,Db Major
note,25320,119,65:80,F4,F4,0.3195,m3,120,4/4,Db Major
note,25320,119,68:80,Ab4,Ab4,0.3195,M2,120,4/4,Db Major
note,25440,479,66:80,Gb4,Gb4,0.3195,M3,120,4/4,Db Major
note,25440,479,70:80,Bb4,Bb4,0.3195,P5,120,4/4,Db Major
note,25680,239,51:80,Eb3,Eb3,0.3195,P1,120,4/4,Db Major
note,25680,119,75:80,Eb5,Eb5,0.3195,M2,120,4/4,Db Major
note,25800,119,73:80,Db5,Db5,0.3195,P4,120,4/4,Db Major
note,25920,479,56:80,Ab3,Ab3,0.3651,M3,120,4/4,Db Major
note,25920,479,72:80,C5,C5,0.3651,P1,120,4/4,Db Major
note,26160,119,60:80,C4,C4,0.3651,m3,120,4/4,Db Major
note,26160,119,63:80,Eb4,Eb4,0.3651,M2,120,4/4,Db Major
note,26280,119,61:80,Db4,Db4,0.3195,M3,120,4/4,Db Major
note,26280,119,65:80,F4,F4,0.3195,M2,120,4/4,Db Major
note,26400,479,63:80,Eb4,Eb4,0.3195,m3,120,4/4,Db Major
note,26400,479,66:80,Gb4,Gb4,0.3195,m7,120,4/4,Db Major
note,26640,239,56:80,Ab3,Ab3,0.3195,P4,120,4/4,Db Major
note,26640,119,73:80,Db5,Db5,0.3195,M2,120,4/4,Db Major
note,26760,119,75:80,Eb5,Eb5,0.3195,M2,120,4/4,Db Major
note,26880,479,49:80,Db3,Db3,0.3651,M3,120,4/4,Db Major
note,26880,479,77:80,F5,F5,0.3651,P1,120,4/4,Db Major
note,27120,119,65:80,F4,F4,0.4564,m3,120,4/4,Db Major
note,27120,119,68:80,Ab4,Ab4,0.4564,P4,120,4/4,Db Major
note,27240,119,63:80,Eb4,Eb4,0.4108,m3,120,4/4,Db Major
note,27240,119,66:80,Gb4,Gb4,0.4108,P4,120,4/4,Db Major
note,27360,239,61:80,Db4,Db4,0.5021,M3,120,4/4,Db Major
note,27360,239,65:80,F4,F4,0.5021,M3,120,4/4,Db Major
note,27600,239,49:80,Db3,Db3,0.5934,P1,120,4/4,Db Major
note,27600,239,61:80,Db4,Db4,0.5934,M3,120,4/4,Db Major
note,27600,239,65:80,F4,F4,0.5934,m6,120,4/4,Db Major
note,27600,119,73:80,Db5,Db5,0.5934,m2,120,4/4,Db Major
note,27720,119,72:80,C5,C5,0.4564,d5,120,4/4,Db Major
note,27840,239,54:80,Gb3,Gb3,0.5934,P5,120,4/4,Db Major
note,27840,239,61:80,Db4,Db4,0.5934,P4,120,4/4,Db Major
note,27840,239,66:80,Gb4,Gb4,0.5934,M3,120,4/4,Db Major
note,27840,239,70:80,Bb4,Bb4,0.5934,M3,120,4/4,Db Major
note,28080,119,54:80,Gb3,Gb3,0.5934,P5,120,4/4,Db Major
note,28080,239,61:80,Db4,Db4,0.5934,P4,120,4/4,Db Major
note,28080,239,66:80,Gb4,Gb4,0.5934,M3,120,4/4,Db Major
note,28080,239,70:80,Bb4,Bb4,0.5934,P4,120,4/4,Db Major
note,28200,119,53:80,F3,F3,0.5021,M2,120,4/4,Db Major
note,28320,239,51:80,Eb3,Eb3,0.639,P1,120,4/4,Db Major
note,28320,239,63:80,Eb4,Eb4,0.639,P5,120,4/4,Db Major
note,28320,239,70:80,Bb4,Bb4,0.639,m6,120,4/4,Db Major
note,28320,239,78:80,Gb5,Gb5,0.639,m3,120,4/4,Db Major
note,28560,239,51:80,Eb3,Eb3,0.639,P1,120,4/4,Db Major
note,28560,119,63:80,Eb4,Eb4,0.639,P5,120,4/4,Db Major
note,28560,239,70:80,Bb4,Bb4,0.639,m6,120,4/4,Db Major
note,28560,119,78:80,Gb5,Gb5,0.639,m2,120,4/4,Db Major
note,28680,119,65:80,F4,F4,0.5477,P1,120,4/4,Db Major
note,28680,119,77:80,F5,F5,0.5477,P4,120,4/4,Db Major
note,28800,239,60:80,C4,C4,0.639,d5,120,4/4,Db Major
note,28800,239,66:80,Gb4,Gb4,0.639,M3,120,4/4,Db Major
note,28800,239,70:80,Bb4,Bb4,0.639,P4,120,4/4,Db Major
note,28800,239,75:80,Eb5,Eb5,0.639,m3,120,4/4,Db Major
note,29040,119,60:80,C4,C4,0.639,d5,120,4/4,Db Major
note,29040,239,66:80,Gb4,Gb4,0.639,m3,120,4/4,Db Major
note,29040,119,69:80,A4,A4,0.639,d5,120,4/4,Db Major
note,29040,239,75:80,Eb5,Eb5,0.639,P4,120,4/4,Db Major
note,29160,119,58:80,Bb3,Bb3,0.5021,P1,120,4/4,Db Major
note,29160,119,70:80,Bb4,Bb4,0.5021,m2,120,4/4,Db Major
note,29280,239,57:80,A3,A3,0.5934,M6,120,4/4,Db Major
note,29280,239,66:80,Gb4,Gb4,0.5934,d5,120,4/4,Db Major
note,29280,239,72:80,C5,C5,0.5934,P1,120,4/4,Db Major
note,29280,239,84:80,C6,C6,0.5934,m3,120,4/4,Db Major
note,29520,239,57:80,A3,A3,0.5934,m6,120,4/4,Db Major
note,29520,239,65:80,F4,F4,0.5934,P5,120,4/4,Db Major
note,29520,239,72:80,C5,C5,0.5934,P1,120,4/4,Db Major
note,29520,119,84:80,C6,C6,0.5934,M2,120,4/4,Db Major
note,29640,119,82:80,Bb5,Bb5,0.4564,P5,120,4/4,Db Major
note,29760,239,63:80,Eb4,Eb4,0.5934,M6,120,4/4,Db Major
note,29760,239,72:80,C5,C5,0.5934,P4,120,4/4,Db Major
note,29760,239,77:80,F5,F5,0.5934,M3,120,4/4,Db Major
note,29760,239,81:80,A5,A5,0.5934,M3,120,4/4,Db Major
note,30000,119,65:80,F4,F4,0.5934,P5,120,4/4,Db Major
note,30000,239,72:80,C5,C5,0.5934,P4,120,4/4,Db Major
note,30000,239,77:80,F5,F5,0.5934,M3,120,4/4,Db Major
note,30000,239,81:80,A5,A5,0.5934,d5,120,4/4,Db Major
note,30120,119,63:80,Eb4,Eb4,0.4564,m2,120,4/4,Db Major
note,30240,239,62:80,D4,D4,0.5934,m6,120,4/4,Db Major
note,30240,239,70:80,Bb4,Bb4,0.5934,P5,120,4/4,Db Major
note,30240,239,77:80,F5,F5,0.5934,P4,120,4/4,Db Major
note,30240,239,82:80,Bb5,Bb5,0.5934,m6,120,4/4,Db Major
note,30480,239,62:80,D4,D4,0.5934,m6,120,4/4,Db Major
note,30480,239,70:80,Bb4,Bb4,0.5934,P5,120,4/4,Db Major
note,30480,239,77:80,F5,F5,0.5934,P4,120,4/4,Db Major
note,30480,119,82:80,Bb5,Bb5,0.5934,M2,120,4/4,Db Major
note,30600,119,80:80,Ab5,Ab5,0.4564,P4,120,4/4,Db Major
note,30720,239,63:80,Eb4,Eb4,0.5934,P5,120,4/4,Db Major
note,30720,239,70:80,Bb4,Bb4,0.5934,P5,120,4/4,Db Major
note,30720,239,77:80,F5,F5,0.5934,m2,120,4/4,Db Major
note,30720,239,78:80,Gb5,Gb5,0.5934,m3,120,4/4,Db Major
note,30960,119,63:80,Eb4,Eb4,0.5934,P5,120,4/4,Db Major
note,30960,239,70:80,Bb4,Bb4,0.5934,P4,120,4/4,Db Major
note,30960,239,75:80,Eb5,Eb5,0.5934,m3,120,4/4,Db Major
note,30960,239,78:80,Gb5,Gb5,0.5934,P4,120,4/4,Db Major
note,31080,119,61:80,Db4,Db4,0.5021,m2,120,4/4,Db Major
note,31200,239,60:80,C4,C4,0.639,m7,120,4/4,Db Major
note,31200,239,70:80,Bb4,Bb4,0.639,P4,120,4/4,Db Major
note,31200,239,75:80,Eb5,Eb5,0.639,m3,120,4/4,Db Major
note,31200,239,78:80,Gb5,Gb5,0.639,d5,120,4/4,Db Major
note,31440,119,60:80,C4,C4,0.639,M6,120,4/4,Db Major
note,31440,119,69:80,A4,A4,0.639,d5,120,4/4,Db Major
note,31440,239,75:80,Eb5,Eb5,0.639,m3,120,4/4,Db Major
note,31440,239,78:80,Gb5,Gb5,0.639,m6,120,4/4,Db Major
note,31560,119,58:80,Bb3,Bb3,0.5477,P1,120,4/4,Db Major
note,31560,119,70:80,Bb4,Bb4,0.5477,m2,120,4/4,Db Major
note,31680,239,57:80,A3,A3,0.639,m3,120,4/4,Db Major
note,31680,239,72:80,C5,C5,0.639,m3,120,4/4,Db Major
note,31680,239,75:80,Eb5,Eb5,0.639,m3,120,4/4,Db Major
note,31680,239,78:80,Gb5,Gb5,0.639,M6,120,4/4,Db Major
note,31920,239,57:80,A3,A3,0.639,m6,120,4/4,Db Major
note,31920,119,65:80,F4,F4,0.639,m6,120,4/4,Db Major
note,31920,119,73:80,Db5,Db5,0.639,M3,120,4/4,Db Major
note,31920,239,77:80,F5,F5,0.639,M2,120,4/4,Db Major
note,32040,119,63:80,Eb4,Eb4,0.5477,M6,120,4/4,Db Major
note,32040,119,72:80,C5,C5,0.5477,M2,120,4/4,Db Major
note,32160,239,58:80,Bb3,Bb3,0.639,m3,120,4/4,Db Major
note,32160,239,61:80,Db4,Db4,0.639,M6,120,4/4,Db Major
note,32160,239,70:80,Bb4,Bb4,0.639,P5,120,4/4,Db Major
note,32160,239,77:80,F5,F5,0.639,P5,120,4/4,Db Major
note,32400,119,58:80,Bb3,Bb3,0.639,m3,120,4/4,Db Major
note,32400,239,61:80,Db4,Db4,0.639,M6,120,4/4,Db Major
note,32400,239,70:80,Bb4,Bb4,0.639,m6,120,4/4,Db Major
note,32400,119,78:80,Gb5,Gb5,0.639,m7,120,4/4,Db Major
note,32520,119,56:80,Ab3,Ab3,0.639,M6,120,4/4,Db Major
note,32520,119,77:80,F5,F5,0.639,M7,120,4/4,Db Major
note,32640,239,54:80,Gb3,Gb3,0.7303,P5,120,4/4,Db Major
note,32640,239,61:80,Db4,Db4,0.7303,M6,120,4/4,Db Major
note,32640,239,70:80,Bb4,Bb4,0.7303,P4,120,4/4,Db Major
note,32640,239,75:80,Eb5,Eb5,0.7303,M6,120,4/4,Db Major
note,32880,119,54:80,Gb3,Gb3,0.7303,d5,120,4/4,Db Major
note,32880,119,60:80,C4,C4,0.7303,M6,120,4/4,Db Major
note,32880,119,69:80,A4,A4,0.7303,d5,120,4/4,Db Major
note,32880,119,75:80,Eb5,Eb5,0.7303,m7,120,4/4,Db Major
note,33000,119,53:80,F3,F3,0.6847,m6,120,4/4,Db Major
note,33000,119,61:80,Db4,Db4,0.6847,M6,120,4/4,Db Major
note,33000,119,70:80,Bb4,Bb4,0.6847,m3,120,4/4,Db Major
note,33000,119,73:80,Db5,Db5,0.6847,m7,120,4/4,Db Major
note,33120,239,51:80,Eb3,Eb3,0.6847,P1,120,4/4,Db Major
note,33120,239,63:80,Eb4,Eb4,0.6847,P5,120,4/4,Db Major
note,33120,239,70:80,Bb4,Bb4,0.6847,M2,120,4/4,Db Major
note,33120,239,72:80,C5,C5,0.6847,M6,120,4/4,Db Major
note,33360,119,51:80,Eb3,Eb3,0.6847,M2,120,4/4,Db Major
note,33360,239,65:80,F4,F4,0.6847,M3,120,4/4,Db Major
note,33360,119,69:80,A4,A4,0.6847,m3,120,4/4,Db Major
note,33360,119,72:80,C5,C5,0.6847,M7,120,4/4,Db Major
note,33480,119,49:80,Db3,Db3,0.639,M6,120,4/4,Db Major
note,33480,119,70:80,Bb4,Bb4,0.639,m3,120,4/4,Db Major
note,33480,119,73:80,Db5,Db5,0.639,m2,120,4/4,Db Major
note,33600,239,48:80,C3,C3,0.6847,d5,120,4/4,Db Major
note,33600,239,66:80,Gb4,Gb4,0.6847,m3,120,4/4,Db Major
note,33600,239,69:80,A4,A4,0.6847,d5,120,4/4,Db Major
note,33600,239,75:80,Eb5,Eb5,0.6847,m3,120,4/4,Db Major
note,33840,119,48:80,C3,C3,0.6847,d5,120,4/4,Db Major
note,33840,239,66:80,Gb4,Gb4,0.6847,m3,120,4/4,Db Major
note,33840,119,69:80,A4,A4,0.6847,m3,120,4/4,Db Major
note,33840,119,72:80,C5,C5,0.6847,M2,120,4/4,Db Major
note,33960,119,46:80,Bb2,Bb2,0.5934,P1,120,4/4,Db Major
note,33960,119,70:80,Bb4,Bb4,0.5934,m3,120,4/4,Db Major
note,33960,119,73:80,Db5,Db5,0.5934,M3,120,4/4,Db Major
note,34080,239,45:80,A2,A2,0.639,m6,120,4/4,Db Major
note,34080,239,65:80,F4,F4,0.639,P5,120,4/4,Db Major
note,34080,239,72:80,C5,C5,0.639,m3,120,4/4,Db Major
note,34080,239,75:80,Eb5,Eb5,0.639,m7,120,4/4,Db Major
note,34320,239,41:80,F2,F2,0.5021,P1,120,4/4,Db Major
note,34320,239,65:80,F4,F4,0.5021,P4,120,4/4,Db Major
note,34320,119,70:80,Bb4,Bb4,0.5021,m3,120,4/4,Db Major
note,34320,119,73:80,Db5,Db5,0.5021,M3,120,4/4,Db Major
note,34440,119,69:80,A4,A4,0.3651,m3,120,4/4,Db Major
note,34440,119,72:80,C5,C5,0.3651,M2,120,4/4,Db Major
note,34560,239,46:80,Bb2,Bb2,0.3195,P5,120,4/4,Db Major
note,34560,479,65:80,F4,F4,0.3195,P4,120,4/4,Db Major
note,34560,479,70:80,Bb4,Bb4,0.3195,m3,120,4/4,Db Major
note,34560,1199,73:80,Db5,Db5,0.3195,m3,120,4/4,Db Major
note,34800,119,46:80,Bb2,Bb2,0.2739,M2,120,4/4,Db Major
note,34920,119,44:80,Ab2,Ab2,0.2739,M2,120,4/4,Db Major
note,35040,239,42:80,Gb2,Gb2,0.3651,P1,120,4/4,Db Major
note,35280,119,42:80,Gb2,Gb2,0.4108,M7,120,4/4,Db Major
note,35280,239,65:80,F4,F4,0.4108,P4,120,4/4,Db Major
note,35280,239,70:80,Bb4,Bb4,0.4108,P4,120,4/4,Db Major
note,35400,119,41:80,F2,F2,0.3195,M2,120,4/4,Db Major
note,35520,239,39:80,Eb2,Eb2,0.3651,m3,120,4/4,Db Major
note,35520,479,66:80,Gb4,Gb4,0.3651,M3,120,4/4,Db Major
note,35520,479,70:80,Bb4,Bb4,0.3651,P5,120,4/4,Db Major
note,35760,239,39:80,Eb2,Eb2,0.4564,m3,120,4/4,Db Major
note,35760,119,78:80,Gb5,Gb5,0.4564,m2,120,4/4,Db Major
note,35880,119,77:80,F5,F5,0.4564,M2,120,4/4,Db Major
note,36000,239,39:80,Eb2,Eb2,0.5934,P1,120,4/4,Db Major
note,36000,119,75:80,Eb5,Eb5,0.5934,M2,120,4/4,Db Major
note,36120,119,73:80,Db5,Db5,0.5021,m7,120,4/4,Db Major
note,36240,239,39:80,Eb2,Eb2,0.5934,P1,120,4/4,Db Major
note,36240,119,63:80,Eb4,Eb4,0.5934,m3,120,4/4,Db Major
note,36240,239,66:80,Gb4,Gb4,0.5934,d5,120,4/4,Db Major
note,36240,119,72:80,C5,C5,0.5934,M7,120,4/4,Db Major
note,36360,119,61:80,Db4,Db4,0.5021,M6,120,4/4,Db Major
note,36360,119,70:80,Bb4,Bb4,0.5021,P4,120,4/4,Db Major
note,36480,239,41:80,F2,F2,0.5477,P5,120,4/4,Db Major
note,36480,239,60:80,C4,C4,0.5477,P4,120,4/4,Db Major
note,36480,240,65:80,F4,F4,0.5477,M3,120,4/4,Db Major
note,36480,239,69:80,A4,A4,0.5477,M3,120,4/4,Db Major
note,36720,239,53:80,F3,F3,0.5934,M3,120,4/4,Db Major
note,36720,119,57:80,A3,A3,0.5934,m6,120,4/4,Db Major
note,36720,239,65:80,F4,F4,0.5934,P5,120,4/4,Db Major
note,36840,119,58:80,Bb3,Bb3,0.4564,M6,120,4/4,Db Major
note,36840,119,67:80,G4,G4,0.4564,M2,120,4/4,Db Major
note,36960,239,53:80,F3,F3,0.5934,P5,120,4/4,Db Major
note,36960,239,60:80,C4,C4,0.5934,M6,120,4/4,Db Major
note,36960,239,69:80,A4,A4,0.5934,M3,120,4/4,Db Major
note,37200,239,53:80,F3,F3,0.5934,P5,120,4/4,Db Major
note,37200,239,60:80,C4,C4,0.5934,m3,120,4/4,Db Major
note,37200,239,63:80,Eb4,Eb4,0.5934,M2,120,4/4,Db Major
note,37200,239,65:80,F4,F4,0.5934,M3,120,4/4,Db Major
note,37200,239,69:80,A4,A4,0.5934,M3,120,4/4,Db Major
note,37440,239,53:80,F3,F3,0.5934,P4,120,4/4,Db Major
note,37440,479,58:80,Bb3,Bb3,0.5934,m3,120,4/4,Db Major
note,37440,479,61:80,Db4,Db4,0.5934,M3,120,4/4,Db Major
note,37440,239,65:80,F4,F4,0.5934,M3,120,4/4,Db Major
note,37440,239,69:80,A4,A4,0.5934,M3,120,4/4,Db Major
note,37680,239,53:80,F3,F3,0.5934,M7,120,4/4,Db Major
note,37680,119,64:80,E4,E4,0.5934,m3,120,4/4,Db Major
note,37680,119,67:80,G4,G4,0.5934,M2,120,4/4,Db Major
note,37800,119,65:80,F4,F4,0.4564,M3,120,4/4,Db Major
note,37800,119,69:80,A4,A4,0.4564,M3,120,4/4,Db Major
note,37920,239,53:80,F3,F3,0.5934,M2,120,4/4,Db Major
note,37920,239,67:80,G4,G4,0.5934,m3,120,4/4,Db Major
note,37920,239,70:80,Bb4,Bb4,0.5934,P4,120,4/4,Db Major
note,38160,239,53:80,F3,F3,0.6847,m6,120,4/4,Db Major
note,38160,239,61:80,Db4,Db4,0.6847,m3,120,4/4,Db Major
note,38160,239,64:80,E4,E4,0.6847,m3,120,4/4,Db Major
note,38160,239,67:80,G4,G4,0.6847,m3,120,4/4,Db Major
note,38160,239,70:80,Bb4,Bb4,0.6847,P4,120,4/4,Db Major
note,38400,239,53:80,F3,F3,0.7759,P5,120,4/4,Db Major
note,38400,239,60:80,C4,C4,0.7759,M3,120,4/4,Db Major
note,38400,239,64:80,E4,E4,0.7759,m3,120,4/4,Db Major
note,38400,239,67:80,G4,G4,0.7759,m3,120,4/4,Db Major
note,38400,239,70:80,Bb4,Bb4,0.7759,P4,120,4/4,Db Major
note,38640,239,53:80,F3,F3,0.7759,P5,120,4/4,Db Major
note,38640,119,60:80,C4,C4,0.7759,P4,120,4/4,Db Major
note,38640,0,65:80,F4,F4,0.7759,P1,120,4/4,Db Major
note,38640,239,65:80,F4,F4,0.7759,M3,120,4/4,Db Major
note,38640,119,69:80,A4,A4,0.7759,m6,120,4/4,Db Major
note,38760,119,61:80,Db4,Db4,0.5477,d5,120,4/4,Db Major
note,38760,119,67:80,G4,G4,0.5477,m3,120,4/4,Db Major
note,38760,119,70:80,Bb4,Bb4,0.5477,P4,120,4/4,Db Major
note,38880,239,53:80,F3,F3,0.639,m7,120,4/4,Db Major
note,38880,239,63:80,Eb4,Eb4,0.639,d5,120,4/4,Db Major
note,38880,239,69:80,A4,A4,0.639,m3,120,4/4,Db Major
note,38880,239,72:80,C5,C5,0.639,P5,120,4/4,Db Major
note,39120,239,53:80,F3,F3,0.639,m7,120,4/4,Db Major
note,39120,239,63:80,Eb4,Eb4,0.639,M2,120,4/4,Db Major
note,39120,239,65:80,F4,F4,0.639,M3,120,4/4,Db Major
note,39120,239,69:80,A4,A4,0.639,m3,120,4/4,Db Major
note,39120,239,72:80,C5,C5,0.639,P5,120,4/4,Db Major
note,39360,239,53:80,F3,F3,0.7303,m6,120,4/4,Db Major
note,39360,239,61:80,Db4,Db4,0.7303,M3,120,4/4,Db Major
note,39360,479,65:80,F4,F4,0.7303,M3,120,4/4,Db Major
note,39360,239,69:80,A4,A4,0.7303,m3,120,4/4,Db Major
note,39360,239,72:80,C5,C5,0.7303,P5,120,4/4,Db Major
note,39600,239,53:80,F3,F3,0.7303,m6,120,4/4,Db Major
note,39600,119,61:80,Db4,Db4,0.7303,d5,120,4/4,Db Major
note,39600,119,67:80,G4,G4,0.7303,m3,120,4/4,Db Major
note,39600,119,70:80,Bb4,Bb4,0.7303,m7,120,4/4,Db Major
note,39720,119,60:80,C4,C4,0.5934,M6,120,4/4,Db Major
note,39720,119,69:80,A4,A4,0.5934,m3,120,4/4,Db Major
note,39720,119,72:80,C5,C5,0.5934,P5,120,4/4,Db Major
note,39840,239,53:80,F3,F3,0.6847,P4,120,4/4,Db Major
note,39840,239,58:80,Bb3,Bb3,0.6847,P1,120,4/4,Db Major
note,39840,239,70:80,Bb4,Bb4,0.6847,m3,120,4/4,Db Major
note,39840,239,73:80,Db5,Db5,0.6847,m6,120,4/4,Db Major
note,40080,239,53:80,F3,F3,0.7303,P4,120,4/4,Db Major
note,40080,119,58:80,Bb3,Bb3,0.7303,P5,120,4/4,Db Major
note,40080,239,65:80,F4,F4,0.7303,P4,120,4/4,Db Major
note,40080,239,70:80,Bb4,Bb4,0.7303,m3,120,4/4,Db Major
note,40080,239,73:80,Db5,Db5,0.7303,P4,120,4/4,Db Major
note,40200,119,56:80,Ab3,Ab3,0.6847,m3,120,4/4,Db Major
note,40320,239,53:80,F3,F3,0.9585,m2,120,4/4,Db Major
note,40320,239,54:80,Gb3,Gb3,0.9585,P1,120,4/4,Db Major
note,40320,239,66:80,Gb4,Gb4,0.9585,M3,120,4/4,Db Major
note,40320,239,70:80,Bb4,Bb4,0.9585,m3,120,4/4,Db Major
note,40320,239,73:80,Db5,Db5,0.9585,m7,120,4/4,Db Major
note,40560,119,51:80,Eb3,Eb3,1.0498,m3,120,4/4,Db Major
note,40560,119,54:80,Gb3,Gb3,1.0498,P1,120,4/4,Db Major
note,40560,239,66:80,Gb4,Gb4,1.0498,m3,120,4/4,Db Major
note,40560,119,69:80,A4,A4,1.0498,m3,120,4/4,Db Major
note,40560,119,72:80,C5,C5,1.0498,M7,120,4/4,Db Major
note,40680,119,49:80,Db3,Db3,1.0042,M3,120,4/4,Db Major
note,40680,119,53:80,F3,F3,1.0042,P4,120,4/4,Db Major
note,40680,119,70:80,Bb4,Bb4,1.0042,m3,120,4/4,Db Major
note,40680,119,73:80,Db5,Db5,1.0042,m2,120,4/4,Db Major
note,40800,239,48:80,C3,C3,1.2324,m3,120,4/4,Db Major
note,40800,239,51:80,Eb3,Eb3,1.2324,m3,120,4/4,Db Major
note,40800,239,54:80,Gb3,Gb3,1.2324,P1,120,4/4,Db Major
note,40800,239,66:80,Gb4,Gb4,1.2324,m3,120,4/4,Db Major
note,40800,239,69:80,A4,A4,1.2324,m3,120,4/4,Db Major
note,40800,239,72:80,C5,C5,1.2324,m3,120,4/4,Db Major
note,40800,239,75:80,Eb5,Eb5,1.2324,m3,120,4/4,Db Major
note,41040,119,48:80,C3,C3,0.9129,m3,120,4/4,Db Major
note,41040,119,51:80,Eb3,Eb3,0.9129,m3,120,4/4,Db Major
note,41040,239,54:80,Gb3,Gb3,0.9129,P1,120,4/4,Db Major
note,41040,239,66:80,Gb4,Gb4,0.9129,m3,120,4/4,Db Major
note,41040,239,69:80,A4,A4,0.9129,m3,120,4/4,Db Major
note,41040,119,72:80,C5,C5,0.9129,m3,120,4/4,Db Major
note,41040,119,75:80,Eb5,Eb5,0.9129,P4,120,4/4,Db Major
note,41160,119,46:80,Bb2,Bb2,0.5934,m3,120,4/4,Db Major
note,41160,119,49:80,Db3,Db3,0.5934,P1,120,4/4,Db Major
note,41160,119,73:80,Db5,Db5,0.5934,M3,120,4/4,Db Major
note,41160,119,77:80,F5,F5,0.5934,m6,120,4/4,Db Major
note,41280,479,45:80,A2,A2,0.4108,m3,120,4/4,Db Major
note,41280,479,48:80,C3,C3,0.4108,m3,120,4/4,Db Major
note,41280,479,51:80,Eb3,Eb3,0.4108,m3,120,4/4,Db Major
note,41280,479,54:80,Gb3,Gb3,0.4108,P1,120,4/4,Db Major
note,41280,479,66:80,Gb4,Gb4,0.4108,m3,120,4/4,Db Major
note,41280,479,69:80,A4,A4,0.4108,m3,120,4/4,Db Major
note,41280,479,72:80,C5,C5,0.4108,m3,120,4/4,Db Major
note,41280,479,75:80,Eb5,Eb5,0.4108,m3,120,4/4,Db Major
note,41280,479,78:80,Gb5,Gb5,0.4108,M6,120,4/4,Db Major
note,42000,239,57:80,A3,A3,0.5477,m6,120,4/4,Db Major
note,42000,239,65:80,F4,F4,0.5477,P5,120,4/4,Db Major
note,42000,239,72:80,C5,C5,0.5477,P4,120,4/4,Db Major
note,42000,239,77:80,F5,F5,0.5477,P5,120,4/4,Db Major
note,42240,239,58:80,Bb3,Bb3,0.7303,P5,120,4/4,Db Major
note,42240,239,65:80,F4,F4,0.7303,P4,120,4/4,Db Major
note,42240,239,70:80,Bb4,Bb4,0.7303,m3,120,4/4,Db Major
note,42240,239,73:80,Db5,Db5,0.7303,P5,120,4/4,Db Major
note,42480,119,54:80,Gb3,Gb3,0.7303,M3,120,4/4,Db Major
note,42480,119,58:80,Bb3,Bb3,0.7303,P1,120,4/4,Db Major
note,42480,239,70:80,Bb4,Bb4,0.7303,P4,120,4/4,Db Major
note,42480,119,75:80,Eb5,Eb5,0.7303,P1,120,4/4,Db Major
note,42600,119,51:80,Eb3,Eb3,0.5934,m3,120,4/4,Db Major
note,42600,119,66:80,Gb4,Gb4,0.5934,d5,120,4/4,Db Major
note,42600,119,72:80,C5,C5,0.5934,P5,120,4/4,Db Major
note,42720,0,53:80,F3,F3,0.639,P1,120,4/4,Db Major
note,42720,719,53:80,F3,F3,0.639,P1,120,4/4,Db Major
note,42720,239,65:80,F4,F4,0.639,P4,120,4/4,Db Major
note,42720,239,70:80,Bb4,Bb4,0.639,m3,120,4/4,Db Major
note,42720,239,73:80,Db5,Db5,0.639,m6,120,4/4,Db Major
note,42960,239,41:80,F2,F2,0.5934,m7,120,4/4,Db Major
note,42960,239,63:80,Eb4,Eb4,0.5934,d5,120,4/4,Db Major
note,42960,239,69:80,A4,A4,0.5934,m3,120,4/4,Db Major
note,42960,119,72:80,C5,C5,0.5934,M2,120,4/4,Db Major
note,43080,119,70:80,Bb4,Bb4,0.5477,P1,120,4/4,Db Major
note,43200,239,46:80,Bb2,Bb2,0.6847,M3,120,4/4,Db Major
note,43200,239,62:80,D4,D4,0.6847,m6,120,4/4,Db Major
note,43200,0,70:80,Bb4,Bb4,0.6847,P1,120,4/4,Db Major
note,43200,2879,70:80,Bb4,Bb4,0.6847,P1,120,4/4,Db Major
note,43440,239,46:80,Bb2,Bb2,0.7303,P5,120,4/4,Db Major
note,43440,119,53:80,F3,F3,0.7303,M6,120,4/4,Db Major
note,43440,119,62:80,D4,D4,0.7303,m3,120,4/4,Db Major
note,43440,119,65:80,F4,F4,0.7303,M2,120,4/4,Db Major
note,43560,119,51:80,Eb3,Eb3,0.5934,P1,120,4/4,Db Major
note,43560,119,63:80,Eb4,Eb4,0.5934,m3,120,4/4,Db Major
note,43560,119,66:80,Gb4,Gb4,0.5934,m6,120,4/4,Db Major
note,43680,239,46:80,Bb2,Bb2,0.639,M3,120,4/4,Db Major
note,43680,119,50:80,D3,D3,0.639,m3,120,4/4,Db Major
note,43680,239,65:80,F4,F4,0.639,m3,120,4/4,Db Major
note,43680,239,68:80,Ab4,Ab4,0.639,m6,120,4/4,Db Major
note,43800,119,48:80,C3,C3,0.4564,M2,120,4/4,Db Major
note,43920,239,46:80,Bb2,Bb2,0.5934,P4,120,4/4,Db Major
note,43920,119,51:80,Eb3,Eb3,0.5934,M2,120,4/4,Db Major
note,43920,239,65:80,F4,F4,0.5934,m3,120,4/4,Db Major
note,43920,239,68:80,Ab4,Ab4,0.5934,d5,120,4/4,Db Major
note,44040,119,50:80,D3,D3,0.4564,M3,120,4/4,Db Major
note,44160,239,46:80,Bb2,Bb2,0.5021,M3,120,4/4,Db Major
note,44160,239,50:80,D3,D3,0.5021,m3,120,4/4,Db Major
note,44160,239,65:80,F4,F4,0.5021,m3,120,4/4,Db Major
note,44160,239,68:80,Ab4,Ab4,0.5021,m7,120,4/4,Db Major
note,44400,239,46:80,Bb2,Bb2,0.5021,P4,120,4/4,Db Major
note,44400,119,51:80,Eb3,Eb3,0.5021,P1,120,4/4,Db Major
note,44400,479,63:80,Eb4,Eb4,0.5021,m3,120,4/4,Db Major
note,44400,479,66:80,Gb4,Gb4,0.5021,m2,120,4/4,Db Major
note,44520,119,53:80,F3,F3,0.4108,P5,120,4/4,Db Major
note,44640,239,46:80,Bb2,Bb2,0.5477,m6,120,4/4,Db Major
note,44640,239,54:80,Gb3,Gb3,0.5477,m6,120,4/4,Db Major
note,44880,239,46:80,Bb2,Bb2,0.4564,m6,120,4/4,Db Major
note,44880,239,54:80,Gb3,Gb3,0.4564,m6,120,4/4,Db Major
note,44880,119,62:80,D4,D4,0.4564,m3,120,4/4,Db Major
note,44880,119,65:80,F4,F4,0.4564,P4,120,4/4,Db Major
note,45000,119,60:80,C4,C4,0.2739,m3,120,4/4,Db Major
note,45000,119,63:80,Eb4,Eb4,0.2739,P4,120,4/4,Db Major
note,45120,959,46:80,Bb2,Bb2,0.1826,P5,120,4/4,Db Major
note,45120,959,53:80,F3,F3,0.1826,M6,120,4/4,Db Major
note,45120,959,62:80,D4,D4,0.1826,m3,120,4/4,Db Major
note,45120,959,65:80,F4,F4,0.1826,,120,4/4,Db Major